name: bactopia-antimicrobial_resistance
version: 1.2.1
channels:
  - conda-forge
  - bioconda
  - defaults
dependencies:
  - _libgcc_mutex=0.1=main
  - blast=2.9.0=pl526h979a64d_3
  - boost=1.68.0=py37h8619c78_1001
  - boost-cpp=1.68.0=h11c811c_1000
  - bzip2=1.0.8=h516909a_1
  - ca-certificates=2019.9.11=hecc5488_0
  - certifi=2019.9.11=py37_0
  - gmp=6.1.2=hf484d3e_1000
  - gnutls=3.6.5=hd3a4fd2_1002
  - hmmer=3.2.1=hf484d3e_1
  - icu=58.2=hf484d3e_1000
  - krb5=1.16.3=h05b26f9_1001
  - libblas=3.8.0=12_openblas
  - libcblas=3.8.0=12_openblas
  - libcurl=7.65.3=hda55be3_0
  - libedit=3.1.20170329=hf8c457e_1001
  - libffi=3.2.1=he1b5a44_1006
  - libgcc-ng=9.1.0=hdf63c60_0
  - libgfortran-ng=7.3.0=hdf63c60_0
  - liblapack=3.8.0=12_openblas
  - libopenblas=0.3.7=h6e990d7_1
  - libssh2=1.8.2=h22169c7_2
  - libstdcxx-ng=9.1.0=hdf63c60_0
  - ncbi-amrfinderplus=3.1.1b=hf18293b_0
  - ncurses=6.1=hf484d3e_1002
  - nettle=3.4.1=h1bed415_1002
  - numpy=1.17.2=py37h95a1406_0
  - openssl=1.1.1c=h516909a_0
  - pcre=8.41=hf484d3e_1003
  - perl=5.26.2=h516909a_1006
  - perl-archive-tar=2.32=pl526_0
  - perl-carp=1.38=pl526_3
  - perl-common-sense=3.74=pl526_2
  - perl-compress-raw-bzip2=2.087=pl526he1b5a44_0
  - perl-compress-raw-zlib=2.087=pl526hc9558a2_0
  - perl-exporter=5.72=pl526_1
  - perl-exporter-tiny=1.002001=pl526_0
  - perl-extutils-makemaker=7.36=pl526_1
  - perl-io-compress=2.087=pl526he1b5a44_0
  - perl-io-zlib=1.10=pl526_2
  - perl-json=4.02=pl526_0
  - perl-json-xs=2.34=pl526h6bb024c_3
  - perl-list-moreutils=0.428=pl526_1
  - perl-list-moreutils-xs=0.428=pl526_0
  - perl-pathtools=3.75=pl526h14c3975_1
  - perl-scalar-list-utils=1.52=pl526h516909a_0
  - perl-types-serialiser=1.0=pl526_2
  - perl-xsloader=0.24=pl526_0
  - pip=19.2.3=py37_0
  - python=3.7.3=h33d41f4_1
  - readline=8.0=hf8c457e_0
  - setuptools=41.2.0=py37_0
  - sqlite=3.29.0=hcee41ef_1
  - tk=8.6.9=hed695b0_1003
  - wheel=0.33.6=py37_0
  - xz=5.2.4=h14c3975_1001
  - zlib=1.2.11=h516909a_1006

