name: bactopia-assembly_qc
version: 1.4.x
channels:
  - bioconda
  - conda-forge
  - defaults
dependencies:
  - _libgcc_mutex=0.1=conda_forge
  - _openmp_mutex=4.5=1_gnu
  - blast=2.5.0=hc0b0e79_3
  - boost=1.73.0=py37h429e714_1
  - boost-cpp=1.73.0=h6c875cf_0
  - bzip2=1.0.8=h516909a_3
  - c-ares=1.16.1=h516909a_1
  - ca-certificates=2020.6.20=hecda079_0
  - certifi=2020.6.20=py37hc8dfbb8_0
  - checkm-genome=1.1.2=py_1
  - circos=0.69.8=0
  - cycler=0.10.0=py_2
  - dendropy=4.4.0=pyh864c0ab_2
  - expat=2.2.9=he1b5a44_2
  - fontconfig=2.13.1=h86ecdb6_1001
  - freetype=2.10.2=he06d7ca_0
  - gettext=0.19.8.1=hc5be6a0_1002
  - giflib=5.2.1=h516909a_2
  - glimmerhmm=3.0.4=pl526hf484d3e_3
  - hmmer=3.3=he1b5a44_1
  - icu=64.2=he1b5a44_1
  - joblib=0.16.0=py_0
  - jpeg=9d=h516909a_0
  - k8=0.2.5=he513fc3_0
  - kiwisolver=1.2.0=py37h99015e2_0
  - krb5=1.17.1=hfafb76e_2
  - lcms2=2.11=hbd6801e_0
  - ld_impl_linux-64=2.34=hc38a660_9
  - libblas=3.8.0=17_openblas
  - libcblas=3.8.0=17_openblas
  - libcurl=7.71.1=hcdd3856_5
  - libdeflate=1.6=h516909a_0
  - libedit=3.1.20191231=he28a2e2_2
  - libev=4.33=h516909a_0
  - libffi=3.2.1=he1b5a44_1007
  - libgcc-ng=9.3.0=h24d8f2e_16
  - libgd=2.2.5=h307a58e_1007
  - libgfortran-ng=7.5.0=hdf63c60_16
  - libgomp=9.3.0=h24d8f2e_16
  - libiconv=1.16=h516909a_0
  - libidn2=2.3.0=h516909a_0
  - liblapack=3.8.0=17_openblas
  - libnghttp2=1.41.0=hab1572f_1
  - libopenblas=0.3.10=pthreads_hb3c22a3_4
  - libpng=1.6.37=hed695b0_2
  - libssh2=1.9.0=hab1572f_5
  - libstdcxx-ng=9.3.0=hdf63c60_16
  - libtiff=4.1.0=hc3755c2_3
  - libunistring=0.9.10=h14c3975_0
  - libuuid=2.32.1=h14c3975_1000
  - libwebp=1.0.2=h56121f0_5
  - libxml2=2.9.10=hee79883_0
  - lz4-c=1.9.2=he1b5a44_3
  - matplotlib=3.3.1=1
  - matplotlib-base=3.3.1=py37hd478181_1
  - minimap2=2.17=hed695b0_3
  - ncurses=6.2=he1b5a44_1
  - numpy=1.19.1=py37h7ea13bd_2
  - olefile=0.46=py_0
  - openjdk=10.0.2=h14c3975_1015
  - openssl=1.1.1g=h516909a_1
  - perl=5.26.2=h516909a_1006
  - perl-autoloader=5.74=pl526_2
  - perl-carp=1.38=pl526_3
  - perl-clone=0.42=pl526h516909a_0
  - perl-config-general=2.63=pl526_0
  - perl-digest-perl-md5=1.9=pl526_1
  - perl-dynaloader=1.25=pl526_1
  - perl-exporter=5.72=pl526_1
  - perl-exporter-tiny=1.002001=pl526_0
  - perl-extutils-makemaker=7.36=pl526_1
  - perl-font-ttf=1.06=pl526_0
  - perl-gd=2.71=pl526he860b03_0
  - perl-io-string=1.08=pl526_3
  - perl-list-moreutils=0.428=pl526_1
  - perl-list-moreutils-xs=0.428=pl526_0
  - perl-math-bezier=0.01=pl526_1
  - perl-math-round=0.07=pl526_1
  - perl-math-vecstat=0.08=pl526_1
  - perl-module-implementation=0.09=pl526_2
  - perl-module-runtime=0.016=pl526_1
  - perl-number-format=1.75=pl526_3
  - perl-params-validate=1.29=pl526h14c3975_1
  - perl-pathtools=3.75=pl526h14c3975_1
  - perl-readonly=2.05=pl526_0
  - perl-regexp-common=2017060201=pl526_0
  - perl-scalar-list-utils=1.52=pl526h516909a_0
  - perl-set-intspan=1.19=pl526_1
  - perl-statistics-basic=1.6611=pl526_2
  - perl-svg=2.84=pl526_0
  - perl-text-format=0.59=pl526_2
  - perl-time-hires=1.9760=pl526h14c3975_1
  - perl-try-tiny=0.30=pl526_1
  - perl-xml-parser=2.44_01=pl526ha1d75be_1002
  - perl-xsloader=0.24=pl526_0
  - pigz=2.3.4=hed695b0_1
  - pillow=7.2.0=py37h718be6c_1
  - pip=20.2.2=py_0
  - pplacer=1.1.alpha19=1
  - prodigal=2.6.3=h516909a_2
  - pyparsing=2.4.7=pyh9f0ad1d_0
  - pysam=0.16.0.1=py37hc334e0b_1
  - python=3.7.8=h6f2ec95_1_cpython
  - python-dateutil=2.8.1=py_0
  - python_abi=3.7=1_cp37m
  - quast=5.0.2=py37pl526hb5aa323_2
  - readline=8.0=he28a2e2_2
  - scipy=1.5.2=py37hb14ef9d_0
  - setuptools=49.6.0=py37hc8dfbb8_0
  - simplejson=3.17.2=py37h8f50634_0
  - six=1.15.0=pyh9f0ad1d_0
  - sqlite=3.33.0=h4cf870e_0
  - tk=8.6.10=hed695b0_0
  - tornado=6.0.4=py37h8f50634_1
  - wget=1.20.1=h22169c7_0
  - wheel=0.35.1=pyh9f0ad1d_0
  - xz=5.2.5=h516909a_1
  - zlib=1.2.11=h516909a_1007
  - zstd=1.4.5=h6597ccf_2
