name: bactopia
channels:
  - conda-forge
  - bioconda
  - defaults
dependencies:
  - ariba=2.13.3=py36hfc679d8_0
  - bcftools=1.9=ha228f0b_3
  - beautifulsoup4=4.7.1=py36_1001
  - biopython=1.73=py36h14c3975_0
  - blast=2.7.1=h4422958_6
  - boost=1.67.0=py36h3e44d54_0
  - boost-cpp=1.67.0=h3a22d5f_0
  - bowtie2=2.3.5=py36he860b03_0
  - bzip2=1.0.6=h14c3975_1002
  - ca-certificates=2019.3.9=hecc5488_0
  - cd-hit=4.8.1=hdbcaa40_0
  - certifi=2019.3.9=py36_0
  - coreutils=8.31=h14c3975_0
  - curl=7.64.1=hf8cf82a_0
  - cycler=0.10.0=py_1
  - dbus=1.13.2=h714fa37_1
  - dendropy=4.4.0=py_0
  - expat=2.2.5=hf484d3e_1002
  - fontconfig=2.13.1=he4413a7_1000
  - freetype=2.10.0=he983fc9_0
  - gettext=0.19.8.1=hc5be6a0_1002
  - git=2.21.0=pl526h2882143_0
  - glib=2.56.2=had28632_1001
  - gmp=6.1.2=hf484d3e_1000
  - gnutls=3.5.19=h2a4e5f8_1
  - gst-plugins-base=1.14.0=hbbd80ab_1
  - gstreamer=1.14.0=hb453b48_1
  - htslib=1.9=ha228f0b_7
  - icu=58.2=hf484d3e_1000
  - jpeg=9c=h14c3975_1001
  - kiwisolver=1.0.1=py36h6bb024c_1002
  - krb5=1.16.3=h05b26f9_1001
  - libblas=3.8.0=4_openblas
  - libcblas=3.8.0=4_openblas
  - libcurl=7.64.1=hda55be3_0
  - libdeflate=1.0=h14c3975_1
  - libedit=3.1.20170329=hf8c457e_1001
  - libffi=3.2.1=he1b5a44_1006
  - libgcc-ng=8.2.0=hdf63c60_1
  - libgfortran=3.0.0=1
  - libiconv=1.15=h516909a_1005
  - libidn2=2.1.1=h14c3975_0
  - libpng=1.6.36=h84994c4_1000
  - libssh2=1.8.2=h22169c7_2
  - libstdcxx-ng=8.2.0=hdf63c60_1
  - libunistring=0.9.10=h14c3975_0
  - libuuid=2.32.1=h14c3975_1000
  - libxcb=1.13=h14c3975_1002
  - libxml2=2.9.8=h143f9aa_1005
  - matplotlib=3.0.3=py36_0
  - matplotlib-base=3.0.3=py36h167e16e_0
  - mummer=3.23=pl526_8
  - ncurses=6.1=hf484d3e_1002
  - nettle=3.3=0
  - nextflow=19.01.0=ha4d7672_4
  - numpy=1.16.2=py36h7fc5cc3_0
  - openblas=0.3.5=ha44fe06_0
  - openjdk=10.0.2=h14c3975_1015
  - openssl=1.1.1b=h14c3975_1
  - pcre=8.43=he6710b0_0
  - perl=5.26.2=h14c3975_1002
  - perl-archive-tar=2.32=pl526_0
  - perl-carp=1.38=pl526_2
  - perl-compress-raw-bzip2=2.084=pl526hfc679d8_0
  - perl-compress-raw-zlib=2.084=pl526h2d50403_0
  - perl-exporter=5.72=pl526_1
  - perl-exporter-tiny=1.002001=pl526_0
  - perl-extutils-makemaker=7.34=pl526_3
  - perl-io-compress=2.084=pl526hfc679d8_0
  - perl-io-zlib=1.10=pl526_2
  - perl-list-moreutils=0.428=pl526_1
  - perl-list-moreutils-xs=0.428=pl526_0
  - perl-pathtools=3.73=h470a237_2
  - perl-scalar-list-utils=1.45=pl526h470a237_3
  - perl-test-more=1.001002=pl526_1
  - perl-xsloader=0.24=pl526_0
  - pip=19.0.3=py36_0
  - pthread-stubs=0.4=h14c3975_1001
  - pyfastaq=3.17.0=py_2
  - pymummer=0.10.3=py_2
  - pyparsing=2.3.1=py_0
  - pyqt=5.6.0=py36h13b7fb3_1008
  - pysam=0.15.2=py36h4b7d16d_3
  - python=3.6.7=h381d211_1004
  - python-dateutil=2.8.0=py_0
  - qt=5.6.3=h8bf5577_3
  - readline=7.0=hf8c457e_1001
  - samtools=1.9=h8571acd_11
  - setuptools=40.8.0=py36_0
  - sip=4.18.1=py36hf484d3e_1000
  - six=1.12.0=py36_1000
  - soupsieve=1.9=py36_0
  - spades=3.13.0=0
  - sqlite=3.26.0=h67949de_1001
  - tbb=2019.5=hc9558a2_0
  - tk=8.6.9=h84994c4_1001
  - tornado=6.0.2=py36h516909a_0
  - unzip=6.0=0
  - wget=1.20.1=h90d6eec_0
  - wheel=0.33.1=py36_0
  - xorg-libxau=1.0.9=h14c3975_0
  - xorg-libxdmcp=1.1.3=h516909a_0
  - xz=5.2.4=h14c3975_1001
  - zlib=1.2.11=h14c3975_1004
  - pip:
    - appdirs==1.4.3
    - chardet==3.0.4
    - coloredlogs==10.0
    - executor==21.3
    - fasteners==0.14.1
    - humanfriendly==4.18
    - idna==2.8
    - lxml==4.3.3
    - monotonic==1.5
    - ncbi-genome-download==0.2.9
    - property-manager==2.3.1
    - requests==2.21.0
    - urllib3==1.24.1
    - verboselogs==1.7
