name: bactopia-sequence_type
version: 1.4.0
channels:
  - conda-forge
  - bioconda
  - defaults
dependencies:
  - _libgcc_mutex=0.1=conda_forge
  - _openmp_mutex=4.5=1_llvm
  - ariba=2.14.5=py36h831f99a_0
  - bcftools=1.9=h68d8f2e_9
  - beautifulsoup4=4.9.1=py36h9f0ad1d_0
  - biopython=1.77=py36h8c4c3a4_0
  - blast=2.9.0=h20b68b9_1
  - boost=1.68.0=py36h8619c78_1001
  - boost-cpp=1.68.0=h11c811c_1000
  - bowtie2=2.3.5.1=py36he513fc3_0
  - bzip2=1.0.8=h516909a_2
  - ca-certificates=2020.6.20=hecda079_0
  - cd-hit=4.8.1=hdbcaa40_0
  - certifi=2020.6.20=py36h9f0ad1d_0
  - curl=7.71.0=he644dc0_0
  - cycler=0.10.0=py_2
  - dendropy=4.4.0=py_1
  - freetype=2.10.2=he06d7ca_0
  - gettext=0.19.8.1=hc5be6a0_1002
  - gmp=6.2.0=he1b5a44_2
  - gnutls=3.6.13=h79a8f9a_0
  - gsl=2.5=h294904e_1
  - htslib=1.9=h4da6232_3
  - icu=58.2=hf484d3e_1000
  - kiwisolver=1.2.0=py36hdb11119_0
  - krb5=1.17.1=hfafb76e_1
  - ld_impl_linux-64=2.34=h53a641e_5
  - libblas=3.8.0=17_openblas
  - libcblas=3.8.0=17_openblas
  - libcurl=7.71.0=hcdd3856_0
  - libdeflate=1.6=h516909a_0
  - libedit=3.1.20191231=h46ee950_0
  - libffi=3.2.1=he1b5a44_1007
  - libgcc-ng=9.2.0=h24d8f2e_2
  - libgfortran-ng=7.5.0=hdf63c60_6
  - libidn2=2.3.0=h516909a_0
  - liblapack=3.8.0=17_openblas
  - libopenblas=0.3.10=h5ec1e0e_0
  - libpng=1.6.37=hed695b0_1
  - libssh2=1.9.0=hab1572f_2
  - libstdcxx-ng=9.2.0=hdf63c60_2
  - libunistring=0.9.10=h14c3975_0
  - llvm-openmp=10.0.0=hc9558a2_0
  - matplotlib-base=3.2.2=py36hef1b27d_0
  - mummer=3.23=pl526he1b5a44_11
  - ncurses=6.1=hf484d3e_1002
  - nettle=3.4.1=h1bed415_1002
  - numpy=1.18.5=py36h7314795_0
  - openssl=1.1.1g=h516909a_0
  - pcre=8.44=he1b5a44_0
  - perl=5.26.2=h516909a_1006
  - perl-archive-tar=2.32=pl526_0
  - perl-carp=1.38=pl526_3
  - perl-common-sense=3.74=pl526_2
  - perl-compress-raw-bzip2=2.087=pl526he1b5a44_0
  - perl-compress-raw-zlib=2.087=pl526hc9558a2_0
  - perl-exporter=5.72=pl526_1
  - perl-exporter-tiny=1.002001=pl526_0
  - perl-extutils-makemaker=7.36=pl526_1
  - perl-io-compress=2.087=pl526he1b5a44_0
  - perl-io-zlib=1.10=pl526_2
  - perl-json=4.02=pl526_0
  - perl-json-xs=2.34=pl526h6bb024c_3
  - perl-list-moreutils=0.428=pl526_1
  - perl-list-moreutils-xs=0.428=pl526_0
  - perl-pathtools=3.75=pl526h14c3975_1
  - perl-scalar-list-utils=1.52=pl526h516909a_0
  - perl-types-serialiser=1.0=pl526_2
  - perl-xsloader=0.24=pl526_0
  - pip=20.1.1=py_1
  - pyfastaq=3.17.0=py_2
  - pymummer=0.10.3=py36_1
  - pyparsing=2.4.7=pyh9f0ad1d_0
  - pysam=0.16.0.1=py36h71d3148_0
  - python=3.6.10=h8356626_1011_cpython
  - python-dateutil=2.8.1=py_0
  - python_abi=3.6=1_cp36m
  - readline=8.0=hf8c457e_0
  - samtools=1.9=h10a08f8_12
  - setuptools=47.3.1=py36h9f0ad1d_0
  - six=1.15.0=pyh9f0ad1d_0
  - soupsieve=2.0.1=py36h9f0ad1d_0
  - spades=3.13.0=0
  - sqlite=3.32.3=hcee41ef_0
  - tbb=2020.1=hc9558a2_0
  - tk=8.6.10=hed695b0_0
  - tornado=6.0.4=py36h8c4c3a4_1
  - wget=1.20.1=h22169c7_0
  - wheel=0.34.2=py_1
  - xz=5.2.5=h516909a_0
  - zlib=1.2.11=h516909a_1006

