name: bactopia-sequence_type
version: 1.2.4
channels:
  - conda-forge
  - bioconda
  - defaults
dependencies:
  - _libgcc_mutex=0.1=conda_forge
  - _openmp_mutex=4.5=0_gnu
  - ariba=2.14.4=py36he1b5a44_0
  - bcftools=1.9=h68d8f2e_9
  - beautifulsoup4=4.8.2=py36_0
  - biopython=1.76=py36h516909a_0
  - blast=2.9.0=h20b68b9_1
  - boost=1.68.0=py36h8619c78_1001
  - boost-cpp=1.68.0=h11c811c_1000
  - bowtie2=2.3.5=py36he860b03_0
  - bzip2=1.0.8=h516909a_2
  - ca-certificates=2019.11.28=hecc5488_0
  - cd-hit=4.8.1=h8b12597_3
  - certifi=2019.11.28=py36_0
  - curl=7.65.3=hf8cf82a_0
  - cycler=0.10.0=py_2
  - dbus=1.13.6=he372182_0
  - dendropy=4.4.0=py_1
  - expat=2.2.9=he1b5a44_2
  - fontconfig=2.13.1=he4413a7_1000
  - freetype=2.10.0=he983fc9_1
  - gettext=0.19.8.1=hc5be6a0_1002
  - glib=2.58.3=py36h6f030ca_1002
  - gmp=6.2.0=he1b5a44_1
  - gnutls=3.6.5=hd3a4fd2_1002
  - gsl=2.5=h294904e_1
  - gst-plugins-base=1.14.5=h0935bb2_1
  - gstreamer=1.14.5=h36ae1b5_1
  - htslib=1.9=h4da6232_3
  - icu=58.2=hf484d3e_1000
  - jpeg=9c=h14c3975_1001
  - kiwisolver=1.1.0=py36hc9558a2_0
  - krb5=1.16.4=h2fd8d38_0
  - libblas=3.8.0=14_openblas
  - libcblas=3.8.0=14_openblas
  - libcurl=7.65.3=hda55be3_0
  - libdeflate=1.5=h516909a_0
  - libedit=3.1.20170329=hf8c457e_1001
  - libffi=3.2.1=he1b5a44_1006
  - libgcc-ng=9.2.0=h24d8f2e_2
  - libgfortran-ng=7.3.0=hdf63c60_5
  - libgomp=9.2.0=h24d8f2e_2
  - libiconv=1.15=h516909a_1005
  - libidn2=2.3.0=h516909a_0
  - liblapack=3.8.0=14_openblas
  - libopenblas=0.3.7=h5ec1e0e_6
  - libpng=1.6.37=hed695b0_0
  - libssh2=1.8.2=h22169c7_2
  - libstdcxx-ng=9.2.0=hdf63c60_2
  - libunistring=0.9.10=h14c3975_0
  - libuuid=2.32.1=h14c3975_1000
  - libxcb=1.13=h14c3975_1002
  - libxml2=2.9.9=hea5a465_1
  - llvm-openmp=8.0.1=hc9558a2_0
  - matplotlib=3.1.2=py36h4fdacc2_0
  - mummer=3.23=pl526he1b5a44_10
  - ncurses=6.1=hf484d3e_1002
  - nettle=3.4.1=h1bed415_1002
  - numpy=1.17.5=py36h95a1406_0
  - openmp=8.0.1=0
  - openssl=1.1.1d=h516909a_0
  - pcre=8.43=he1b5a44_0
  - perl=5.26.2=h516909a_1006
  - perl-archive-tar=2.32=pl526_0
  - perl-carp=1.38=pl526_3
  - perl-common-sense=3.74=pl526_2
  - perl-compress-raw-bzip2=2.087=pl526he1b5a44_0
  - perl-compress-raw-zlib=2.087=pl526hc9558a2_0
  - perl-exporter=5.72=pl526_1
  - perl-exporter-tiny=1.002001=pl526_0
  - perl-extutils-makemaker=7.36=pl526_1
  - perl-io-compress=2.087=pl526he1b5a44_0
  - perl-io-zlib=1.10=pl526_2
  - perl-json=4.02=pl526_0
  - perl-json-xs=2.34=pl526h6bb024c_3
  - perl-list-moreutils=0.428=pl526_1
  - perl-list-moreutils-xs=0.428=pl526_0
  - perl-pathtools=3.75=pl526h14c3975_1
  - perl-scalar-list-utils=1.52=pl526h516909a_0
  - perl-types-serialiser=1.0=pl526_2
  - perl-xsloader=0.24=pl526_0
  - pip=20.0.2=py36_1
  - pthread-stubs=0.4=h14c3975_1001
  - pyfastaq=3.17.0=py_2
  - pymummer=0.10.3=py36_1
  - pyparsing=2.4.6=py_0
  - pyqt=5.9.2=py36hcca6a23_4
  - pysam=0.15.4=py36hbcae180_0
  - python=3.6.7=h357f687_1006
  - python-dateutil=2.8.1=py_0
  - qt=5.9.7=h52cfd70_2
  - readline=8.0=hf8c457e_0
  - samtools=1.9=h10a08f8_12
  - setuptools=45.1.0=py36_0
  - sip=4.19.8=py36hf484d3e_0
  - six=1.14.0=py36_0
  - soupsieve=1.9.4=py36_0
  - spades=3.14.0=h2d02072_0
  - sqlite=3.30.1=hcee41ef_0
  - tbb=2019.9=hc9558a2_1
  - tk=8.6.10=hed695b0_0
  - tornado=6.0.3=py36h516909a_0
  - wget=1.20.1=h22169c7_0
  - wheel=0.34.2=py36_0
  - xorg-libxau=1.0.9=h14c3975_0
  - xorg-libxdmcp=1.1.3=h516909a_0
  - xz=5.2.4=h14c3975_1001
  - zlib=1.2.11=h516909a_1006

