name: bactopia-sequence_type
channels:
  - conda-forge
  - bioconda
  - defaults
dependencies:
  - ariba=2.13.3=py36hfc679d8_0
  - bcftools=1.9=h47928c2_2
  - blast=2.7.1=h4422958_6
  - bowtie2=2.3.4.3=py36he860b03_1
  - cd-hit=4.8.1=hdbcaa40_0
  - dendropy=4.4.0=py_0
  - htslib=1.9=h47928c2_5
  - libdeflate=1.0=h14c3975_1
  - mummer=3.23=pl526_8
  - perl-archive-tar=2.32=pl526_0
  - perl-carp=1.38=pl526_1
  - perl-compress-raw-bzip2=2.084=pl526hfc679d8_0
  - perl-compress-raw-zlib=2.084=pl526h2d50403_0
  - perl-exporter=5.72=pl526_1
  - perl-exporter-tiny=1.002001=pl526_0
  - perl-extutils-makemaker=7.34=pl526_3
  - perl-io-compress=2.084=pl526hfc679d8_0
  - perl-io-zlib=1.10=pl526_2
  - perl-list-moreutils=0.428=pl526_1
  - perl-list-moreutils-xs=0.428=pl526_0
  - perl-pathtools=3.73=h470a237_2
  - perl-scalar-list-utils=1.45=pl526h470a237_3
  - perl-test-more=1.001002=pl526_1
  - perl-xsloader=0.24=pl526_0
  - pyfastaq=3.17.0=py36_1
  - pymummer=0.10.3=py36_1
  - pysam=0.15.2=py36h1671916_1
  - samtools=1.9=h57cc563_6
  - spades=3.13.0=0
  - atk=2.25.90=hb9dd440_1002
  - beautifulsoup4=4.7.1=py36_1001
  - biopython=1.73=py36h14c3975_0
  - boost=1.67.0=py36h3e44d54_0
  - boost-cpp=1.67.0=h3a22d5f_0
  - bzip2=1.0.6=h14c3975_1002
  - ca-certificates=2018.11.29=ha4d7672_0
  - cairo=1.16.0=ha4e643d_1000
  - certifi=2018.11.29=py36_1000
  - curl=7.64.0=h646f8bb_0
  - cycler=0.10.0=py_1
  - dbus=1.13.0=h4e0c4b3_1000
  - expat=2.2.5=hf484d3e_1002
  - fontconfig=2.13.1=h2176d3f_1000
  - freetype=2.9.1=h94bbf69_1005
  - gdk-pixbuf=2.36.12=h49783d7_1002
  - gettext=0.19.8.1=h9745a5d_1001
  - glib=2.58.2=hf63aee3_1001
  - gmp=6.1.2=hf484d3e_1000
  - gnutls=3.5.19=h2a4e5f8_1
  - gobject-introspection=1.58.2=py36h2da5eee_1000
  - graphite2=1.3.13=hf484d3e_1000
  - gstreamer=1.14.4=h66beb1c_1001
  - gtk2=2.24.31=hb68c50a_1001
  - harfbuzz=2.3.1=h6824563_0
  - icu=58.2=hf484d3e_1000
  - jpeg=9c=h14c3975_1001
  - kiwisolver=1.0.1=py36h6bb024c_1002
  - krb5=1.16.3=hc83ff2d_1000
  - libcurl=7.64.0=h01ee5af_0
  - libedit=3.1.20170329=hf8c457e_1001
  - libffi=3.2.1=hf484d3e_1005
  - libgcc-ng=7.3.0=hdf63c60_0
  - libgfortran-ng=7.2.0=hdf63c60_3
  - libiconv=1.15=h14c3975_1004
  - libpng=1.6.36=h84994c4_1000
  - libssh2=1.8.0=h1ad7b7a_1003
  - libstdcxx-ng=7.3.0=hdf63c60_0
  - libtiff=4.0.10=h648cc4a_1001
  - libuuid=2.32.1=h14c3975_1000
  - libxcb=1.13=h14c3975_1002
  - libxml2=2.9.8=h143f9aa_1005
  - matplotlib=3.0.3=py36_0
  - matplotlib-base=3.0.3=py36h167e16e_0
  - mkl_fft=1.0.10=py36h14c3975_1
  - mkl_random=1.0.2=py36h637b7d7_2
  - ncurses=6.1=hf484d3e_1002
  - nettle=3.3=0
  - openssl=1.0.2r=h14c3975_0
  - pango=1.40.14=h4ea9474_1004
  - pcre=8.41=hf484d3e_1003
  - perl=5.26.2=h14c3975_1002
  - pip=19.0.3=py36_0
  - pixman=0.34.0=h14c3975_1003
  - pthread-stubs=0.4=h14c3975_1001
  - pyparsing=2.3.1=py_0
  - pyqt=5.6.0=py36h13b7fb3_1008
  - python=3.6.7=hd21baee_1002
  - python-dateutil=2.8.0=py_0
  - qt=5.6.2=hce4f676_1013
  - readline=7.0=hf8c457e_1001
  - setuptools=40.8.0=py36_0
  - sip=4.18.1=py36hf484d3e_1000
  - six=1.12.0=py36_1000
  - soupsieve=1.8=py36_0
  - sqlite=3.26.0=h67949de_1000
  - tbb=2019.3=h6bb024c_1000
  - tk=8.6.9=h84994c4_1000
  - tornado=5.1.1=py36h14c3975_1000
  - wheel=0.33.1=py36_0
  - xorg-kbproto=1.0.7=h14c3975_1002
  - xorg-libice=1.0.9=h14c3975_1004
  - xorg-libsm=1.2.3=h4937e3b_1000
  - xorg-libx11=1.6.7=h14c3975_1000
  - xorg-libxau=1.0.9=h14c3975_0
  - xorg-libxdmcp=1.1.2=h14c3975_1007
  - xorg-libxext=1.3.3=h14c3975_1004
  - xorg-libxrender=0.9.10=h14c3975_1002
  - xorg-libxt=1.1.5=h14c3975_1002
  - xorg-renderproto=0.11.1=h14c3975_1002
  - xorg-xextproto=7.3.0=h14c3975_1002
  - xorg-xproto=7.0.31=h14c3975_1007
  - xz=5.2.4=h14c3975_1001
  - zlib=1.2.11=h14c3975_1004
  - blas=1.0=mkl
  - intel-openmp=2019.1=144
  - mkl=2019.1=144
  - numpy=1.16.1=py36h7e9f1db_0
  - numpy-base=1.16.1=py36hde5b4d6_0
  - wget=1.19.5=h1ad7b7a_0
