name: bactopia-sequence_type-1.0.0
channels:
  - conda-forge
  - bioconda
  - defaults
dependencies:
  - _libgcc_mutex=0.1=main
  - ariba=2.14.1=py36hf484d3e_0
  - bcftools=1.9=h5c2b69b_5
  - beautifulsoup4=4.8.0=py36_0
  - biopython=1.74=py36h516909a_0
  - blast=2.9.0=h20b68b9_1
  - boost=1.68.0=py36h8619c78_1001
  - boost-cpp=1.68.0=h11c811c_1000
  - bowtie2=2.3.5=py36he860b03_0
  - bzip2=1.0.8=h516909a_0
  - ca-certificates=2019.6.16=hecc5488_0
  - cd-hit=4.8.1=hdbcaa40_2
  - certifi=2019.6.16=py36_1
  - curl=7.65.3=hf8cf82a_0
  - cycler=0.10.0=py_1
  - dbus=1.13.6=he372182_0
  - dendropy=4.4.0=py_1
  - expat=2.2.5=he1b5a44_1003
  - fontconfig=2.13.1=he4413a7_1000
  - freetype=2.10.0=he983fc9_1
  - gettext=0.19.8.1=hc5be6a0_1002
  - glib=2.58.3=h6f030ca_1002
  - gmp=6.1.2=hf484d3e_1000
  - gnutls=3.6.5=hd3a4fd2_1002
  - gsl=2.5=h294904e_0
  - gst-plugins-base=1.14.5=h0935bb2_0
  - gstreamer=1.14.5=h36ae1b5_0
  - icu=58.2=hf484d3e_1000
  - jpeg=9c=h14c3975_1001
  - kiwisolver=1.1.0=py36hc9558a2_0
  - krb5=1.16.3=h05b26f9_1001
  - libblas=3.8.0=12_openblas
  - libcblas=3.8.0=12_openblas
  - libcurl=7.65.3=hda55be3_0
  - libdeflate=1.0=h14c3975_1
  - libedit=3.1.20170329=hf8c457e_1001
  - libffi=3.2.1=he1b5a44_1006
  - libgcc-ng=9.1.0=hdf63c60_0
  - libgfortran-ng=7.3.0=hdf63c60_0
  - libiconv=1.15=h516909a_1005
  - libidn2=2.1.1=h14c3975_0
  - liblapack=3.8.0=12_openblas
  - libopenblas=0.3.7=h6e990d7_1
  - libpng=1.6.37=hed695b0_0
  - libssh2=1.8.2=h22169c7_2
  - libstdcxx-ng=9.1.0=hdf63c60_0
  - libunistring=0.9.10=h14c3975_0
  - libuuid=2.32.1=h14c3975_1000
  - libxcb=1.13=h14c3975_1002
  - libxml2=2.9.9=h13577e0_2
  - llvm-openmp=8.0.1=hc9558a2_0
  - matplotlib=3.1.1=py36_0
  - matplotlib-base=3.1.1=py36hfd891ef_0
  - mummer=3.23=pl526_8
  - ncurses=6.1=hf484d3e_1002
  - nettle=3.4.1=h1bed415_1002
  - numpy=1.17.1=py36h95a1406_0
  - openmp=8.0.1=0
  - openssl=1.1.1c=h516909a_0
  - pcre=8.41=hf484d3e_1003
  - perl=5.26.2=h516909a_1006
  - perl-archive-tar=2.32=pl526_0
  - perl-carp=1.38=pl526_3
  - perl-common-sense=3.74=pl526_2
  - perl-compress-raw-bzip2=2.087=pl526he1b5a44_0
  - perl-compress-raw-zlib=2.087=pl526hc9558a2_0
  - perl-exporter=5.72=pl526_1
  - perl-exporter-tiny=1.002001=pl526_0
  - perl-extutils-makemaker=7.36=pl526_1
  - perl-io-compress=2.087=pl526he1b5a44_0
  - perl-io-zlib=1.10=pl526_2
  - perl-json=4.02=pl526_0
  - perl-json-xs=2.34=pl526h6bb024c_3
  - perl-list-moreutils=0.428=pl526_1
  - perl-list-moreutils-xs=0.428=pl526_0
  - perl-pathtools=3.75=pl526h14c3975_1
  - perl-scalar-list-utils=1.52=pl526h516909a_0
  - perl-types-serialiser=1.0=pl526_2
  - perl-xsloader=0.24=pl526_0
  - pip=19.2.3=py36_0
  - pthread-stubs=0.4=h14c3975_1001
  - pyfastaq=3.17.0=py_2
  - pymummer=0.10.3=py36_1
  - pyparsing=2.4.2=py_0
  - pyqt=5.9.2=py36hcca6a23_2
  - pysam=0.15.3=py36hda2845c_1
  - python=3.6.7=h357f687_1005
  - python-dateutil=2.8.0=py_0
  - qt=5.9.7=h52cfd70_2
  - readline=8.0=hf8c457e_0
  - samtools=1.9=h8571acd_11
  - setuptools=41.2.0=py36_0
  - sip=4.19.8=py36hf484d3e_1000
  - six=1.12.0=py36_1000
  - soupsieve=1.9.3=py36_0
  - spades=3.13.1=h2d02072_2
  - sqlite=3.29.0=hcee41ef_0
  - tbb=2019.7=hc9558a2_0
  - tk=8.6.9=hed695b0_1002
  - tornado=6.0.3=py36h516909a_0
  - wget=1.20.1=h90d6eec_0
  - wheel=0.33.6=py36_0
  - xorg-libxau=1.0.9=h14c3975_0
  - xorg-libxdmcp=1.1.3=h516909a_0
  - xz=5.2.4=h14c3975_1001
  - zlib=1.2.11=h516909a_1005
